0 0.555629 0.460847 0.035242 0.038972
0 0.559059 0.775174 0.082117 0.124764
0 0.765852 0.602361 0.068687 0.075500
0 0.825617 0.553174 0.072453 0.071042
0 0.204934 0.394917 0.035758 0.030000
0 0.273086 0.409271 0.030125 0.029681
0 0.304934 0.403472 0.028133 0.025167
0 0.835090 0.689382 0.090305 0.084542
0 0.282715 0.652715 0.056102 0.099875
0 0.502848 0.649896 0.069930 0.107847
0 0.245195 0.468882 0.037844 0.045958
0 0.352063 0.438153 0.024984 0.019639
0 0.396699 0.429840 0.020930 0.020986
0 0.474445 0.467375 0.056922 0.043306
0 0.322902 0.422986 0.031758 0.032583
0 0.628043 0.468382 0.057352 0.050653
0 0.614883 0.501937 0.052094 0.049375
0 0.314336 0.474188 0.043375 0.033875
0 0.385570 0.481771 0.045375 0.049681
0 0.263086 0.545972 0.042453 0.061972
0 0.433602 0.947812 0.124969 0.104375
0 0.485961 0.466681 0.033984 0.043111
0 0.323359 0.526688 0.047531 0.069208
0 0.970766 0.709403 0.058469 0.110222
0 0.221273 0.929312 0.123984 0.141375
