0 0.456922 0.587201 0.055906 0.070347
0 0.276934 0.604681 0.046836 0.076667
0 0.785410 0.561993 0.099039 0.095264
0 0.850078 0.562396 0.061766 0.079153
0 0.718422 0.604090 0.064609 0.080347
0 0.778867 0.427083 0.046641 0.045833
0 0.528711 0.726479 0.068359 0.103097
0 0.482750 0.459958 0.040453 0.051111
0 0.306184 0.413299 0.020102 0.019597
0 0.613719 0.476444 0.036594 0.034639
0 0.575605 0.480167 0.052039 0.051056
0 0.482926 0.471910 0.041492 0.029542
0 0.386320 0.626479 0.060344 0.094069
0 0.591023 0.523118 0.037328 0.045514
0 0.408082 0.434396 0.034258 0.032819
0 0.374066 0.439583 0.038633 0.035417
0 0.185172 0.388847 0.017219 0.017917
0 0.212258 0.400986 0.027719 0.022778
0 0.249113 0.399493 0.028352 0.023514
0 0.267500 0.480958 0.044422 0.050472
0 0.258645 0.549917 0.042445 0.054472
0 0.346355 0.491694 0.046945 0.058972
0 0.455145 0.522181 0.052008 0.062972
0 0.433180 0.934750 0.141672 0.130500
0 0.815879 0.920243 0.146898 0.159514
