0 0.427305 0.435708 0.039203 0.036528
0 0.635223 0.557438 0.058961 0.051931
0 0.772852 0.652861 0.078312 0.090583
0 0.814422 0.519597 0.059906 0.057917
0 0.768801 0.568944 0.067367 0.067306
0 0.608117 0.889674 0.110719 0.182292
0 0.275813 0.707993 0.062688 0.101264
0 0.271941 0.832722 0.080508 0.161889
0 0.686523 0.742688 0.090188 0.116347
0 0.497332 0.481389 0.042758 0.038750
0 0.462691 0.949444 0.114289 0.095083
0 0.965617 0.707667 0.064375 0.065278
0 0.762301 0.401924 0.041102 0.050764
0 0.325250 0.425424 0.033641 0.029903
0 0.321809 0.406410 0.025758 0.014958
0 0.556672 0.464236 0.054469 0.050694
0 0.479887 0.613319 0.068367 0.087472
0 0.377992 0.621056 0.056172 0.101417
0 0.238875 0.535521 0.038312 0.049542
0 0.275234 0.487521 0.040500 0.047986
0 0.310285 0.470875 0.036570 0.041028
0 0.397031 0.445757 0.037031 0.025931
0 0.266672 0.408444 0.023063 0.023417
0 0.239930 0.408167 0.025406 0.022861
0 0.193500 0.400354 0.017250 0.018958
0 0.596898 0.463153 0.034484 0.045500
