0 0.499820 0.556868 0.065250 0.073042
0 0.833793 0.554743 0.079367 0.077486
0 0.351309 0.471903 0.044570 0.053250
0 0.287148 0.596528 0.073203 0.175556
0 0.722699 0.548438 0.064523 0.070153
0 0.243910 0.429889 0.040664 0.034167
0 0.595125 0.528715 0.048922 0.060597
0 0.219148 0.399687 0.011984 0.021736
0 0.253105 0.458639 0.035852 0.034583
0 0.288371 0.403340 0.025023 0.027208
0 0.972355 0.726771 0.055289 0.105819
0 0.248379 0.518188 0.045680 0.076458
0 0.326340 0.419569 0.030430 0.033194
0 0.532348 0.674667 0.070008 0.105194
0 0.365086 0.435743 0.036391 0.037097
0 0.383160 0.423965 0.023805 0.020347
0 0.202516 0.397722 0.022781 0.024528
0 0.433074 0.425799 0.036430 0.039319
0 0.491508 0.462472 0.038531 0.040222
0 0.626020 0.499549 0.052102 0.053181
0 0.447813 0.457743 0.046500 0.048264
0 0.440617 0.581764 0.052109 0.067083
0 0.342871 0.543014 0.040086 0.067778
0 0.521383 0.439965 0.043906 0.050319
0 0.839027 0.618604 0.091758 0.080875
