0 0.362059 0.411486 0.023820 0.023667
0 0.302172 0.421799 0.023219 0.022292
0 0.283055 0.403493 0.027391 0.020986
0 0.248668 0.402660 0.030555 0.023986
0 0.194590 0.437910 0.027180 0.059319
0 0.332496 0.536979 0.043039 0.062375
0 0.301055 0.650069 0.051656 0.093056
0 0.650523 0.444938 0.121609 0.080431
0 0.570781 0.519931 0.049219 0.048472
0 0.955594 0.604542 0.060469 0.071000
0 0.258871 0.546056 0.041852 0.098833
0 0.565293 0.478840 0.051898 0.052153
0 0.682031 0.497563 0.052500 0.052875
0 0.800590 0.506889 0.063258 0.047667
0 0.778430 0.655236 0.084578 0.071583
0 0.424316 0.566549 0.052336 0.080403
0 0.821996 0.559021 0.068773 0.055764
0 0.709703 0.551840 0.060687 0.062014
0 0.256562 0.943556 0.096328 0.112889
0 0.469684 0.971382 0.109570 0.057236
0 0.624703 0.881757 0.123422 0.192653
0 0.507070 0.427646 0.106484 0.098542
0 0.374047 0.510660 0.045344 0.048375
0 0.321645 0.480201 0.042664 0.038819
0 0.276125 0.489757 0.042328 0.053153
0 0.344262 0.431812 0.030180 0.027653
