0 0.289469 0.501903 0.037484 0.041806
0 0.560852 0.510090 0.048672 0.048569
0 0.779273 0.545604 0.044672 0.039958
0 0.745027 0.559569 0.055695 0.054778
0 0.396125 0.691528 0.059344 0.093444
0 0.240484 0.466326 0.041906 0.049708
0 0.502387 0.554028 0.049195 0.056472
0 0.267316 0.539250 0.040164 0.069194
0 0.620637 0.550562 0.052273 0.055542
0 0.667578 0.490312 0.042969 0.034069
0 0.866848 0.720812 0.096039 0.097514
0 0.732773 0.621257 0.072891 0.074736
0 0.654574 0.518569 0.050227 0.039083
0 0.208230 0.485903 0.031039 0.057917
0 0.452496 0.958306 0.119742 0.083389
0 0.429730 0.503424 0.043977 0.052264
0 0.369230 0.511840 0.048352 0.056153
0 0.438109 0.442514 0.035469 0.030667
0 0.347973 0.432146 0.035477 0.024625
0 0.222738 0.426632 0.034117 0.027736
0 0.507379 0.444028 0.115648 0.132611
