0 0.421902 0.544583 0.055398 0.081194
0 0.267227 0.587076 0.047422 0.076542
0 0.521508 0.653722 0.071312 0.110250
0 0.850840 0.694007 0.089523 0.083181
0 0.340656 0.542938 0.051359 0.061986
0 0.284801 0.690958 0.060633 0.132806
0 0.409402 0.675194 0.059086 0.113833
0 0.445570 0.464104 0.039859 0.039042
0 0.460418 0.448444 0.026164 0.034222
0 0.236387 0.522556 0.039023 0.055806
0 0.266605 0.484965 0.039570 0.043236
0 0.229582 0.452701 0.039930 0.039375
0 0.700340 0.598917 0.066695 0.071306
0 0.490785 0.539396 0.077508 0.091569
0 0.668961 0.958361 0.126797 0.083278
0 0.487746 0.433347 0.036742 0.047639
0 0.598992 0.463840 0.036922 0.044653
0 0.242270 0.406847 0.028742 0.024583
0 0.266719 0.397986 0.018906 0.021806
0 0.313867 0.415049 0.029781 0.041597
0 0.366016 0.424792 0.040141 0.047306
0 0.246949 0.907264 0.098727 0.153556
0 0.877773 0.645674 0.082687 0.071264
0 0.576258 0.483083 0.050875 0.052889
0 0.774734 0.870417 0.118641 0.148306
0 0.456187 0.604014 0.051344 0.077194
0 0.715336 0.513646 0.055375 0.059792
