0 0.273965 0.839493 0.085648 0.135764
0 0.239656 0.521167 0.040266 0.063167
0 0.830715 0.612056 0.071617 0.062139
0 0.436281 0.893125 0.098750 0.192556
0 0.598621 0.643479 0.074617 0.093264
0 0.565348 0.485514 0.049742 0.054194
0 0.567617 0.446958 0.046625 0.031944
0 0.345836 0.493167 0.042609 0.047417
0 0.297215 0.466278 0.045539 0.043361
0 0.192109 0.475278 0.014297 0.034361
0 0.196563 0.442160 0.018281 0.036042
0 0.190820 0.395396 0.019688 0.018736
0 0.252863 0.403097 0.028477 0.027500
0 0.232883 0.397375 0.012187 0.019778
0 0.874926 0.697778 0.079148 0.081972
0 0.985582 0.636264 0.028383 0.087583
0 0.639145 0.561507 0.038602 0.050625
0 0.307414 0.529340 0.047016 0.072653
0 0.507133 0.464465 0.040359 0.037986
0 0.423809 0.421687 0.037070 0.034153
0 0.668086 0.521965 0.043828 0.044931
0 0.340457 0.421069 0.031586 0.039028
0 0.382117 0.624201 0.050766 0.077236
0 0.853082 0.942514 0.107055 0.108250
