0 0.189867 0.397153 0.021484 0.026833
0 0.811191 0.676153 0.085023 0.082917
0 0.682719 0.721694 0.086203 0.128083
0 0.522504 0.693181 0.066523 0.116250
0 0.676910 0.580743 0.062211 0.066819
0 0.929129 0.608486 0.083602 0.075306
0 0.397578 0.657521 0.069687 0.137236
0 0.610254 0.474090 0.050336 0.051625
0 0.447281 0.573403 0.053781 0.065833
0 0.979398 0.580125 0.041125 0.071694
0 0.936516 0.692208 0.085641 0.076556
0 0.282738 0.782111 0.078508 0.169556
0 0.663152 0.476292 0.043758 0.030861
0 0.590578 0.529813 0.050531 0.048931
0 0.867941 0.959729 0.102242 0.068264
0 0.676969 0.960965 0.105516 0.078069
0 0.546395 0.583778 0.072211 0.100611
0 0.536867 0.436771 0.042453 0.038986
0 0.498777 0.484750 0.045539 0.049972
0 0.472910 0.425028 0.044414 0.047472
0 0.445504 0.465514 0.041883 0.045472
0 0.390266 0.441521 0.034297 0.042486
0 0.374383 0.414535 0.033453 0.036486
0 0.313379 0.412785 0.030648 0.029986
0 0.285691 0.631938 0.047789 0.081458
0 0.271914 0.585958 0.035984 0.055472
0 0.330246 0.548722 0.045820 0.066972
0 0.342191 0.489250 0.044977 0.057972
0 0.239305 0.524236 0.042172 0.054972
0 0.201484 0.477576 0.031578 0.050014
0 0.241234 0.466125 0.037391 0.040000
0 0.262809 0.447444 0.038727 0.040667
0 0.213742 0.436688 0.038359 0.032486
0 0.236867 0.401333 0.029969 0.032833
