0 0.332832 0.484153 0.043289 0.044972
0 0.251098 0.445444 0.033414 0.033194
0 0.263254 0.415333 0.017883 0.022028
0 0.199984 0.448132 0.017734 0.036708
0 0.419063 0.435417 0.038750 0.036667
0 0.407891 0.413576 0.035141 0.028375
0 0.628617 0.510549 0.052250 0.047597
0 0.531820 0.584625 0.057094 0.066944
0 0.662102 0.964958 0.117750 0.070083
0 0.597602 0.826569 0.094047 0.139778
0 0.498109 0.628722 0.066484 0.102194
0 0.766156 0.642278 0.077375 0.085111
0 0.920125 0.651618 0.100234 0.102764
0 0.703902 0.503556 0.056852 0.056694
0 0.693453 0.502632 0.035781 0.050653
0 0.352504 0.413264 0.024742 0.037472
0 0.369398 0.587653 0.046719 0.076750
0 0.443539 0.502944 0.049437 0.066778
0 0.401004 0.677424 0.060992 0.114903
0 0.657918 0.699174 0.088586 0.113542
0 0.544996 0.502125 0.044727 0.050056
0 0.308668 0.521285 0.039961 0.057486
0 0.467348 0.438743 0.040352 0.050375
0 0.650879 0.573160 0.051320 0.038792
0 0.542426 0.458944 0.050352 0.043222
0 0.375422 0.519389 0.045266 0.051472
0 0.860922 0.925014 0.123000 0.122083
0 0.381887 0.479660 0.039633 0.037986
0 0.257055 0.479465 0.035922 0.048236
