0 0.662184 0.465424 0.049977 0.040319
0 0.476270 0.632667 0.059898 0.081889
0 0.228945 0.405438 0.021594 0.029681
0 0.238199 0.441896 0.036117 0.029681
0 0.270871 0.434951 0.033570 0.028069
0 0.274316 0.463188 0.036477 0.038069
0 0.324937 0.443847 0.042625 0.050361
0 0.297641 0.403660 0.027953 0.024847
0 0.464246 0.452542 0.035570 0.036778
0 0.515430 0.431243 0.045734 0.040653
0 0.386023 0.483514 0.037391 0.039361
0 0.378949 0.514167 0.045008 0.065833
0 0.463324 0.519819 0.059195 0.068222
0 0.544637 0.584583 0.063102 0.082111
0 0.700043 0.537701 0.057023 0.058625
0 0.616543 0.497646 0.051570 0.059653
0 0.842543 0.615944 0.072773 0.069472
0 0.778332 0.642958 0.087617 0.117111
0 0.262273 0.898542 0.121719 0.191667
0 0.552844 0.472118 0.052297 0.055625
0 0.292566 0.503799 0.040148 0.049764
0 0.623305 0.679708 0.078016 0.101861
0 0.736105 0.518403 0.052773 0.050639
0 0.285625 0.625569 0.053938 0.103528
0 0.438078 0.582187 0.048578 0.062819
0 0.328305 0.538389 0.042453 0.065111
0 0.231445 0.470062 0.036641 0.033208
0 0.990824 0.642319 0.018023 0.057972
0 0.191359 0.450035 0.011344 0.036292
