0 0.293238 0.778486 0.072430 0.150000
0 0.435316 0.570069 0.027648 0.063611
0 0.432371 0.509167 0.050398 0.060472
0 0.737738 0.492535 0.051555 0.051847
0 0.748547 0.577972 0.070609 0.064361
0 0.544289 0.733528 0.073797 0.110306
0 0.251699 0.551090 0.041086 0.049458
0 0.292254 0.506646 0.039008 0.062097
0 0.301063 0.596229 0.042797 0.074347
0 0.897281 0.460250 0.070922 0.064389
0 0.328020 0.541375 0.038570 0.062972
0 0.508844 0.566375 0.054641 0.063167
0 0.215215 0.401764 0.026242 0.031611
0 0.404438 0.418153 0.034703 0.037389
0 0.260109 0.410250 0.031016 0.027750
0 0.261953 0.453625 0.034703 0.036639
0 0.261086 0.484083 0.037734 0.042028
0 0.733309 0.798625 0.121398 0.187056
0 0.333816 0.486021 0.042555 0.046042
0 0.322051 0.417250 0.041477 0.034167
0 0.294199 0.437306 0.037383 0.035472
0 0.373156 0.476319 0.040734 0.044056
0 0.387992 0.635986 0.081312 0.195444
0 0.913605 0.577306 0.082945 0.086500
